a)
  (|R-C| != 1)

b)
  (|V-R| != 1)
  (|V-S| != 1)
  (|V-T| != 1)

c)
  (|V-S| > 2) 

d)
  (R<C)


1)
  (|R-C| != 1) ^ (R<C)

2)

  (C,R)->{(3,1),(4,1),(4,2),(5,1),(5,2),(5,3)}
  (C,S)->{(2,1),(3,1),(4,1),(5,1),(1,2),(3,2),(4,2),(5,2),(1,3),(2,3),(4,3),(5,3),(1,4),(2,4),(3,4),(5,4),(1,5),(2,5),(3,5),(4,5)}
  (C,T)->{(2,1),(3,1),(4,1),(5,1),(1,2),(3,2),(4,2),(5,2),(1,3),(2,3),(4,3),(5,3),(1,4),(2,4),(3,4),(5,4),(1,5),(2,5),(3,5),(4,5)}
  (C,V)->{(2,1),(3,1),(4,1),(5,1),(1,2),(3,2),(4,2),(5,2),(1,3),(2,3),(4,3),(5,3),(1,4),(2,4),(3,4),(5,4),(1,5),(2,5),(3,5),(4,5)}

  (R,S)->{(2,1),(3,1),(4,1),(5,1),(1,2),(3,2),(4,2),(5,2),(1,3),(2,3),(4,3),(5,3),(1,4),(2,4),(3,4),(5,4),(1,5),(2,5),(3,5),(4,5)}
  (R,T)->{(2,1),(3,1),(4,1),(5,1),(1,2),(3,2),(4,2),(5,2),(1,3),(2,3),(4,3),(5,3),(1,4),(2,4),(3,4),(5,4),(1,5),(2,5),(3,5),(4,5)}
  (R,V)->{(3,1),(4,1),(5,1),(4,2),(5,2),(1,3),(5,3),(1,4),(2,4),(1,5),(2,5),(3,5)}

  (S,T)->{(2,1),(3,1),(4,1),(5,1),(1,2),(3,2),(4,2),(5,2),(1,3),(2,3),(4,3),(5,3),(1,4),(2,4),(3,4),(5,4),(1,5),(2,5),(3,5),(4,5)}
  (S,V)->{(4,1),(5,1),(5,2),(1,4),(1,5),(2,5)}

  (T,V)->{(3,1),(4,1),(5,1),(4,2),(5,2),(1,3),(5,3),(1,4),(2,4),(1,5),(2,5),(3,5)}


